 0.8431761    
 0.1026567E-01
 0.1814979E-01
 0.1539989    
 0.2534989E-01
 0.4010463E-01
 0.1199282E-01
 0.1300329E-01
 0.1163417E-01
 0.1159769E-01
 0.6256778E-01
 0.2535172E-01
 0.1051452E-01
 0.1484017E-01
 0.2803954E-01
 0.1069861E-01
 0.5398987E-01
 0.1286938E-01
 0.1707889    
 0.5707839E-01
 0.1811983E-01
 0.1842513E-01
 0.6187558E-01
 0.6835970E-01
 0.4577539E-01
 0.8023964E-01
 0.6000138E-01
 0.6840693E-01
 0.4289483E-01
 0.3937406E-02
 0.1018755E-01
  1.000000    
 0.2305922E-01
 0.3001229E-02
 0.6020657E-02
 0.4689516E-02
 0.4804964E-02
 0.4674989E-02
 0.4371359E-02
 0.6389255E-02
 0.6746950E-02
 0.8224951E-02
 0.7005824E-02
 0.7310635E-02
 0.6864137E-02
 0.1121762E-01
 0.7705214E-02
 0.5305822E-02
 0.3931864E-02
 0.3639740E-02
 0.4540213E-02
 0.4328759E-02
 0.4823696E-02
 0.6040415E-02
 0.5531095E-02
 0.9051059E-02
 0.1660869E-01
 0.1613115E-01
 0.2182855E-01
 0.1501396E-01
 0.5795620E-02
 0.7204426E-02
 0.5003779E-01
 0.1694510    
 0.3010582E-02
 0.3043506E-02
 0.3274681E-02
 0.5155481E-02
 0.4574387E-02
 0.5506463E-02
 0.5939298E-02
 0.8076395E-02
 0.5393565E-02
 0.8061172E-02
 0.9137202E-02
 0.4736762E-02
 0.6980733E-02
 0.6030388E-02
 0.5128027E-02
 0.5212218E-02
 0.4617272E-02
 0.6393343E-02
 0.6117683E-02
 0.4734082E-02
 0.6569422E-02
 0.3202436E-02
 0.6812647E-02
 0.6966560E-02
 0.1290944E-01
 0.5253895E-02
 0.7349094E-02
 0.9191188E-02
 0.3016222E-02
 0.8210529E-02
 0.8720974E-02
 0.9175111E-02
 0.3012913E-02
 0.5398048E-02
 0.1106043E-01
 0.3785755E-02
 0.4705627E-02
 0.6239137E-02
 0.6429287E-02
 0.5131728E-02
 0.6390280E-02
 0.6943167E-02
 0.6766817E-02
 0.6775608E-02
 0.6599097E-02
 0.5060773E-02
 0.7048128E-02
 0.5174093E-02
 0.3606659E-02
 0.7060678E-02
 0.4146363E-02
 0.6276049E-02
 0.4493691E-02
 0.4582859E-02
 0.5976395E-02
 0.4506457E-02
 0.4127262E-02
 0.1631507E-01
 0.5270045E-02
 0.4434580E-02
 0.5753208E-02
 0.3003740E-02
 0.1528229E-01
 0.2617672E-01
 0.2391124E-01
 0.1863441E-01
 0.7530631E-02
 0.1482236E-01
 0.5450141E-02
 0.1005899E-01
 0.5912856E-02
 0.1018219E-01
 0.5243421E-02
 0.7472762E-02
 0.3191184E-01
 0.5907663E-02
 0.5869319E-02
 0.1369411E-01
 0.8087284E-02
 0.9933083E-02
 0.7549464E-02
 0.7379542E-02
 0.3884314E-02
 0.6004483E-02
 0.1400286E-01
 0.3475129E-02
 0.4972480E-02
 0.3174726E-02
 0.6224022E-02
 0.2538276E-01
 0.3188874E-02
 0.3183073E-02
 0.5812651E-02
 0.3443658E-01
 0.5312794E-01
 0.1092782    
 0.1033570    
 0.1282853E-01
 0.1059709E-01
 0.6218924E-02
 0.9391340E-02
 0.6419396E-02
 0.1122451E-01
 0.1624527E-01
 0.6436731E-02
 0.7234101E-02
 0.5023721E-01
 0.1340482E-01
 0.8105705E-02
 0.6701309E-02
 0.4551793E-02
 0.4538209E-02
 0.4753367E-02
 0.4460801E-02
 0.5613283E-02
 0.3542721E-02
 0.4829214E-02
 0.4802589E-02
 0.3876190E-02
 0.4563991E-02
 0.2891319E-01
 0.5434107E-02
 0.5526395E-02
 0.4683777E-02
 0.5238303E-02
 0.4403915E-01
 0.4396471E-01
 0.4392668    
 0.6552540E-02
 0.9661471E-02
 0.1279701E-01
 0.5357274E-02
 0.5426775E-02
 0.5930525E-02
 0.6627652E-02
 0.4651311E-02
 0.6814399E-02
 0.4989724E-02
 0.5180837E-02
 0.4771408E-02
 0.4936908E-02
 0.4095926E-02
 0.5775667E-02
 0.5964908E-02
 0.5072364E-02
 0.5521331E-02
 0.5928724E-02
 0.5790433E-02
 0.5080254E-02
 0.6187233E-02
 0.5040427E-02
 0.5398369E-02
 0.9049232E-02
 0.5773523E-01
 0.1675178E-01
 0.3319370E-01
 0.1023653E-01
 0.3037366E-01
 0.8438854E-01
 0.2950150    
 0.3051119E-02
 0.5086402E-02
 0.3305144E-02
 0.6327813E-02
 0.6881502E-02
 0.6107741E-02
 0.6215965E-02
 0.4650751E-02
 0.7373099E-02
 0.6679865E-02
 0.6111763E-02
 0.7949973E-02
 0.6560537E-02
 0.6412900E-02
 0.7148110E-02
 0.5987113E-02
 0.4776375E-02
 0.4160985E-02
 0.5737610E-02
 0.5449564E-02
 0.4915260E-02
 0.5208354E-02
 0.4733460E-02
 0.5524674E-02
 0.4274117E-02
 0.1003159E-01
 0.1768958E-01
 0.1835736E-01
 0.1155984E-01
 0.1418786E-01
 0.3122270E-01
 0.3517705    
 0.3100897E-02
 0.5292670E-02
 0.8552059E-02
 0.6930217E-02
 0.4442443E-02
 0.6181680E-02
 0.6068053E-02
 0.6838615E-02
 0.7759254E-02
 0.6119427E-02
 0.5583328E-02
 0.7182203E-02
 0.6422841E-02
 0.7229175E-02
 0.6332530E-02
 0.5586734E-02
 0.6738834E-02
 0.5895355E-02
 0.5047823E-02
 0.5461859E-02
 0.5852015E-02
 0.5300410E-02
 0.4709130E-02
 0.4390078E-02
 0.5732963E-02
 0.8723215E-02
 0.3068228E-02
 0.4174531E-02
 0.8419855E-02
 0.7135795E-02
 0.4040218E-01
 0.4090624    
 0.4423619E-02
 0.5796526E-02
 0.5491222E-02
 0.4908904E-02
 0.5133838E-02
 0.6372864E-02
 0.6773072E-02
 0.5228897E-02
 0.8206693E-02
 0.7546137E-02
 0.9064406E-02
 0.7763163E-02
 0.6528165E-02
 0.4082902E-02
 0.7954267E-02
 0.4833865E-02
 0.5976814E-02
 0.5904557E-02
 0.5272468E-02
 0.4693627E-02
 0.4877670E-02
 0.6479350E-02
 0.6306872E-02
 0.5744383E-02
 0.5483840E-02
 0.4558559E-02
 0.6533244E-02
 0.1257841E-01
 0.7902451E-02
 0.9491215E-02
 0.2202071E-01
 0.5898529E-01
 0.3014269E-02
 0.7600263E-02
 0.4800984E-02
 0.5536824E-02
 0.6682890E-02
 0.6294904E-02
 0.5286776E-02
 0.5914393E-02
 0.7409449E-02
 0.6400470E-02
 0.6600507E-02
 0.8758687E-02
 0.5199872E-02
 0.8001550E-02
 0.6262241E-02
 0.6051170E-02
 0.7297721E-02
 0.6243095E-02
 0.6739111E-02
 0.5175584E-02
 0.7111151E-02
 0.6545058E-02
 0.5647806E-02
 0.5750604E-02
 0.6109894E-02
 0.6272834E-02
 0.6668219E-02
 0.4641082E-02
 0.6976196E-02
 0.3367651E-02
 0.9466084E-02
 0.5199408E-01
 0.3084547E-02
 0.6988335E-02
 0.5535846E-02
 0.5327692E-02
 0.7718421E-02
 0.6378362E-02
 0.8497845E-02
 0.5982254E-02
 0.4782148E-02
 0.7215492E-02
 0.7314094E-02
 0.8644877E-02
 0.7869271E-02
 0.6334751E-02
 0.6078442E-02
 0.5685989E-02
 0.6231230E-02
 0.6560258E-02
 0.4211172E-02
 0.5714226E-02
 0.5611662E-02
 0.4921626E-02
 0.4268829E-02
 0.5291432E-02
 0.5363784E-02
 0.1020552E-01
 0.7627487E-02
 0.6550126E-02
 0.5682055E-02
 0.3015862E-02
 0.1684511E-01
 0.1634410    
 0.2548449E-01
 0.1109260E-01
 0.8450421E-02
 0.6115232E-02
 0.6491695E-02
 0.5604022E-02
 0.7055005E-02
 0.7472911E-02
 0.7325602E-02
 0.7310772E-02
 0.9019399E-02
 0.7952766E-02
 0.7002142E-02
 0.6318948E-02
 0.6857637E-02
 0.5662607E-02
 0.6413112E-02
 0.6532962E-02
 0.8776027E-02
 0.7092020E-02
 0.7666133E-02
 0.7959285E-02
 0.5858104E-02
 0.4980339E-02
 0.6169024E-02
 0.6590925E-02
 0.5440523E-02
 0.4974025E-02
 0.4448876E-02
 0.9668346E-02
 0.2530104E-01
 0.1356744    
 0.5029708E-01
 0.8655977E-02
 0.8097846E-02
 0.1067019E-01
 0.4658848E-02
 0.6379694E-02
 0.9175358E-02
 0.6415620E-02
 0.8479735E-02
 0.8513890E-02
 0.7626591E-02
 0.7078432E-02
 0.1009795E-01
 0.8843457E-02
 0.6596499E-02
 0.8908164E-02
 0.7982502E-02
 0.5731837E-02
 0.6179648E-02
 0.5965886E-02
 0.6622072E-02
 0.5223406E-02
 0.5096290E-02
 0.5138634E-02
 0.6233451E-02
 0.6583764E-02
 0.4405653E-02
 0.7933721E-02
 0.3008314E-02
 0.5228229E-02
 0.2101619E-01
 0.1400371E-01
 0.7681749E-01
 0.1085863E-01
 0.8443783E-02
 0.6253772E-02
 0.6173936E-02
 0.8355074E-02
 0.6740995E-02
 0.6460849E-02
 0.7720005E-02
 0.6839606E-02
 0.6224464E-02
 0.6929951E-02
 0.9071379E-02
 0.1091715E-01
 0.5644352E-02
 0.6240393E-02
 0.5622339E-02
 0.9126944E-02
 0.8326329E-02
 0.6048104E-02
 0.5567245E-02
 0.7869885E-02
 0.1018075E-01
 0.6934565E-02
 0.1551116E-01
 0.3834328E-02
 0.1859833E-01
 0.9081068E-02
 0.6521626E-02
 0.9147072E-01
 0.2833243E-01
 0.9041379E-01
 0.3011813E-02
 0.8310068E-02
 0.6197000E-02
 0.1528628E-01
 0.7607111E-02
 0.4701782E-02
 0.5800605E-02
 0.4900659E-02
 0.5674570E-02
 0.7853639E-02
 0.9024387E-02
 0.5332590E-02
 0.1002952E-01
 0.1005362E-01
 0.4599992E-02
 0.3043160E-02
 0.5871693E-02
 0.4548515E-02
 0.5052196E-02
 0.7498797E-02
 0.7178807E-02
 0.7481785E-02
 0.6277746E-02
 0.6138931E-02
 0.6978273E-02
 0.8563429E-02
 0.4314428E-02
 0.1148019E-01
 0.7460032E-02
 0.6207316E-02
 0.8040681E-02
 0.4449316    
 0.4808152E-01
 0.8163220E-02
 0.1056806E-01
 0.7080505E-02
 0.5139119E-02
 0.6450532E-02
 0.5063479E-02
 0.4464384E-02
 0.5155875E-02
 0.5933374E-02
 0.5346687E-02
 0.5963220E-02
 0.1095464E-01
 0.5044894E-02
 0.5150995E-02
 0.6461463E-02
 0.5490714E-02
 0.6874847E-02
 0.7484741E-02
 0.6248253E-02
 0.6140786E-02
 0.3942220E-02
 0.6101665E-02
 0.5364737E-02
 0.5535850E-02
 0.5121481E-02
 0.5446706E-02
 0.9169640E-02
 0.8726049E-02
 0.5795432E-02
 0.1552646E-01
 0.3032458E-02
 0.3000429E-01
 0.1685825E-01
 0.1372598E-01
 0.8470594E-02
 0.1150746E-01
 0.7072383E-02
 0.7169960E-02
 0.7328795E-02
 0.7581665E-02
 0.4601365E-02
 0.8412245E-02
 0.8153227E-02
 0.3287238E-02
 0.3000013E-02
 0.3265689E-02
 0.5963684E-02
 0.5663236E-02
 0.6349730E-02
 0.7621284E-02
 0.7082594E-02
 0.6695729E-02
 0.9045563E-02
 0.8487352E-02
 0.6853708E-02
 0.4433875E-02
 0.5464393E-02
 0.5527759E-02
 0.1270262E-01
 0.1028143E-01
 0.3005766E-02
 0.3004837E-02
 0.1043746    
 0.3151701E-01
 0.1031232E-01
 0.1810579E-01
 0.5465178E-02
 0.6567179E-02
 0.6981108E-02
 0.6040350E-02
 0.4580660E-02
 0.5526009E-02
 0.8685619E-02
 0.6408496E-02
 0.3023857E-02
 0.3760797E-02
 0.3038655E-02
 0.3015731E-02
 0.7277925E-02
 0.5825894E-02
 0.8215212E-02
 0.5500747E-02
 0.6143005E-02
 0.6211671E-02
 0.6228169E-02
 0.5167854E-02
 0.6891016E-02
 0.6174961E-02
 0.6305953E-02
 0.6539857E-02
 0.5854256E-02
 0.4652469E-02
 0.3001248E-02
 0.1526873E-01
 0.1100813    
 0.2107748E-01
 0.7362526E-02
 0.7323630E-02
 0.8077634E-02
 0.9382026E-02
 0.6132004E-02
 0.7640802E-02
 0.7970783E-02
 0.8047882E-02
 0.8142633E-02
 0.4734957E-02
 0.5773340E-02
 0.3022601E-02
 0.6622736E-02
 0.5681045E-02
 0.5909070E-02
 0.5153258E-02
 0.8602287E-02
 0.9264519E-02
 0.9004136E-02
 0.7676440E-02
 0.5399785E-02
 0.6928792E-02
 0.5432993E-02
 0.5031660E-02
 0.5789469E-02
 0.6152926E-02
 0.2507864E-01
 0.5653556E-02
 0.3003275E-02
 0.2240974E-01
 0.2728100    
 0.1002241E-01
 0.7740148E-02
 0.6804817E-02
 0.9161316E-02
 0.5701527E-02
 0.8912125E-02
 0.6459489E-02
 0.6428352E-02
 0.1023204E-01
 0.6593465E-02
 0.4244975E-02
 0.8148664E-02
 0.4591171E-02
 0.6223183E-02
 0.7421432E-02
 0.6270941E-02
 0.6396703E-02
 0.7343589E-02
 0.9019546E-02
 0.6110596E-02
 0.7228366E-02
 0.7837068E-02
 0.4589078E-02
 0.7301622E-02
 0.5574390E-02
 0.5883174E-02
 0.4515720E-02
 0.4972406E-02
 0.1245285E-01
 0.3813240E-02
 0.3960945E-01
 0.3030843    
 0.5421513    
 0.6549352E-02
 0.5560225E-02
 0.1096488E-01
 0.6261041E-02
 0.6844058E-02
 0.7674835E-02
 0.5492219E-02
 0.4962824E-02
 0.4570288E-02
 0.5086401E-02
 0.5655307E-02
 0.6218916E-02
 0.6373569E-02
 0.5292690E-02
 0.4803860E-02
 0.9042852E-02
 0.5539121E-02
 0.7014274E-02
 0.9772044E-02
 0.1794114E-01
 0.8452809E-02
 0.5766399E-02
 0.5338314E-02
 0.6814380E-02
 0.4922548E-02
 0.7196443E-02
 0.7662421E-02
 0.1965211E-01
 0.3097171E-02
 0.2138248E-01
 0.3198227    
 0.1530421E-01
 0.7889112E-02
 0.7724354E-02
 0.7627776E-02
 0.8012365E-02
 0.7004293E-02
 0.4785972E-02
 0.6150151E-02
 0.3069824E-02
 0.4896226E-02
 0.4801228E-02
 0.8031470E-02
 0.5786161E-02
 0.7160127E-02
 0.6715387E-02
 0.7927715E-02
 0.8492393E-02
 0.8569182E-02
 0.9268591E-02
 0.8274850E-02
 0.7813149E-02
 0.6286135E-02
 0.6973819E-02
 0.5150932E-02
 0.5180684E-02
 0.7309734E-02
 0.4923227E-02
 0.1145632E-01
 0.1974921E-01
 0.6847929E-02
 0.7648485E-02
 0.1749548    
 0.8772440E-02
 0.5901034E-02
 0.5415029E-02
 0.8338977E-02
 0.7196637E-02
 0.8058775E-02
 0.8193932E-02
 0.5394450E-02
 0.6851403E-02
 0.5872977E-02
 0.6139282E-02
 0.6566220E-02
 0.1047583E-01
 0.6235774E-02
 0.5344492E-02
 0.5069043E-02
 0.9596482E-02
 0.8258901E-02
 0.9429436E-02
 0.8180606E-02
 0.7066370E-02
 0.5704225E-02
 0.6964584E-02
 0.6367314E-02
 0.6390050E-02
 0.4844054E-02
 0.5599331E-02
 0.5157277E-02
 0.6904039E-02
 0.4858449E-02
 0.5524991E-02
 0.3636412E-01
 0.1037727E-01
 0.8929254E-02
 0.9086061E-02
 0.5657439E-02
 0.5956412E-02
 0.7124078E-02
 0.8046274E-02
 0.6215089E-02
 0.5389187E-02
 0.4205563E-02
 0.4681201E-02
 0.6999119E-02
 0.4668937E-02
 0.8042488E-02
 0.5247114E-02
 0.5726303E-02
 0.7390843E-02
 0.5892167E-02
 0.9584933E-02
 0.6451776E-02
 0.7694021E-02
 0.7466455E-02
 0.5522227E-02
 0.7304323E-02
 0.5147922E-02
 0.5004094E-02
 0.3222591E-02
 0.1010121E-01
 0.3065216E-02
 0.7954966E-02
 0.1953058E-01
 0.2160801E-01
 0.2274479E-01
 0.6586157E-02
 0.6890662E-02
 0.7289581E-02
 0.7986234E-02
 0.6998482E-02
 0.5729923E-02
 0.7587472E-02
 0.7319660E-02
 0.4846878E-02
 0.8056925E-02
 0.6918645E-02
 0.6535106E-02
 0.5993183E-02
 0.7507239E-02
 0.6160100E-02
 0.4918580E-02
 0.8489360E-02
 0.8485503E-02
 0.6491325E-02
 0.8490534E-02
 0.8887543E-02
 0.6032057E-02
 0.5959743E-02
 0.5529040E-02
 0.7365440E-02
 0.6336520E-02
 0.5864501E-02
 0.6960769E-02
 0.6058277E-02
 0.1238815E-01
 0.3368408E-01
 0.1554250E-01
 0.9214519E-02
 0.9389222E-02
 0.9412113E-02
 0.8121544E-02
 0.8799272E-02
 0.6836820E-02
 0.6411657E-02
 0.8478160E-02
 0.6452970E-02
 0.3742232E-02
 0.7497692E-02
 0.7696762E-02
 0.6586277E-02
 0.6484270E-02
 0.5031878E-02
 0.6974864E-02
 0.7537976E-02
 0.8358192E-02
 0.7941505E-02
 0.5341575E-02
 0.7998438E-02
 0.7055689E-02
 0.5240033E-02
 0.4253934E-02
 0.6491250E-02
 0.8094839E-02
 0.4018860E-02
 0.6576322E-02
 0.3743129E-02
 0.9174092E-02
 0.3906821E-01
 0.1241447E-01
 0.7995695E-02
 0.1038331E-01
 0.6711949E-02
 0.6732974E-02
 0.7968024E-02
 0.6327619E-02
 0.6956032E-02
 0.7009296E-02
 0.8872384E-02
 0.4667860E-02
 0.6756078E-02
 0.5898863E-02
 0.5828263E-02
 0.5002633E-02
 0.6151516E-02
 0.6925056E-02
 0.8423857E-02
 0.6674317E-02
 0.7259532E-02
 0.8185326E-02
 0.7585695E-02
 0.3993108E-02
 0.6722901E-02
 0.5981250E-02
 0.7444100E-02
 0.5371400E-02
 0.6830461E-02
 0.5217231E-02
 0.6174707E-02
 0.2890933E-01
 0.6446224E-01
 0.1241024E-01
 0.1046991E-01
 0.8689214E-02
 0.7762200E-02
 0.7583277E-02
 0.8006274E-02
 0.7358806E-02
 0.5966550E-02
 0.7546316E-02
 0.8551058E-02
 0.4321767E-02
 0.5545489E-02
 0.3789852E-02
 0.5177532E-02
 0.3846267E-02
 0.6501765E-02
 0.7083097E-02
 0.8732042E-02
 0.6889722E-02
 0.6453341E-02
 0.8928682E-02
 0.7599453E-02
 0.6254564E-02
 0.5818992E-02
 0.6106131E-02
 0.5621246E-02
 0.6697505E-02
 0.7313524E-02
 0.3439684E-02
 0.8053481E-02
 0.4685997E-02
 0.2117850E-01
 0.8624669E-02
 0.7728139E-02
 0.7637342E-02
 0.9419933E-02
 0.7002763E-02
 0.7549880E-02
 0.6239081E-02
 0.7325603E-02
 0.8305131E-02
 0.3799463E-02
 0.3007812E-02
 0.7001293E-02
 0.5441331E-02
 0.7154945E-02
 0.7291549E-02
 0.7050496E-02
 0.7008141E-02
 0.7949552E-02
 0.9477877E-02
 0.6636007E-02
 0.8834170E-02
 0.1544200E-01
 0.5460116E-02
 0.6067481E-02
 0.5899784E-02
 0.6400560E-02
 0.3656908E-02
 0.6024320E-02
 0.9278852E-02
 0.3064750E-02
 0.4226049E-02
 0.8105555E-02
 0.6303149E-02
 0.8285383E-02
 0.7002659E-02
 0.7767339E-02
 0.6095245E-02
 0.5143506E-02
 0.7076597E-02
 0.6140177E-02
 0.6265374E-02
 0.7326942E-02
 0.6351412E-02
 0.5965894E-02
 0.5582644E-02
 0.5332142E-02
 0.6076106E-02
 0.5586993E-02
 0.7012027E-02
 0.6791588E-02
 0.5236812E-02
 0.7537870E-02
 0.6510481E-02
 0.7374506E-01
 0.6704988E-02
 0.5810176E-02
 0.6989101E-02
 0.6756690E-02
 0.5202959E-02
 0.6189492E-01
 0.6610679E-02
 0.4588888E-02
 0.5070664E-02
 0.7921161E-02
 0.1070888E-01
 0.7567853E-02
 0.8229735E-02
 0.6730513E-02
 0.7013294E-02
 0.5358439E-02
 0.7501218E-02
 0.6021797E-02
 0.6842051E-02
 0.8058370E-02
 0.6018529E-02
 0.6353950E-02
 0.5571874E-02
 0.6361851E-02
 0.5261216E-02
 0.6178391E-02
 0.5671121E-02
 0.8182332E-02
 0.5694139E-02
 0.8226520E-02
 0.7271770E-02
 0.9766480E-02
 0.7679129E-02
 0.6769651E-02
 0.3795014E-02
 0.6416806E-02
 0.3240901E-02
 0.4412757E-02
 0.5684868E-02
 0.5616791E-02
 0.7006900E-02
 0.8259663E-02
 0.9403272E-02
 0.6531722E-02
 0.8086040E-02
 0.1175077E-01
 0.7769180E-02
 0.6338269E-02
 0.8031162E-02
 0.6061947E-02
 0.6987871E-02
 0.4444534E-02
 0.6932341E-02
 0.7195103E-02
 0.6339166E-02
 0.5801463E-02
 0.7357515E-02
 0.7931925E-02
 0.7024894E-02
 0.7721550E-02
 0.8518266E-02
 0.7084045E-02
 0.7221999E-02
 0.5699575E-02
 0.6279131E-02
 0.5734595E-02
 0.5307334E-02
 0.4579338E-02
 0.3988536E-02
 0.5242929E-02
 0.5979027E-02
 0.4894377E-02
  1.000000    
  1.000000    
 0.4023013E-01
 0.7230961E-02
 0.8948007E-02
 0.7924012E-02
 0.9808397E-02
 0.6864789E-02
 0.7932614E-02
 0.7746167E-02
 0.8510071E-02
 0.7108769E-02
 0.8819911E-02
 0.8214320E-02
 0.7129030E-02
 0.8037393E-02
 0.7472649E-02
 0.8756937E-02
 0.7929064E-02
 0.7916678E-02
 0.7916799E-02
 0.7953756E-02
 0.7626762E-02
 0.6295376E-02
 0.4059079E-02
 0.4566408E-02
 0.6637540E-02
 0.4459625E-02
 0.7759375E-02
 0.4464626E-02
 0.4308004E-02
 0.3282763E-02
  1.000000    
  1.000000    
 0.1908809E-01
 0.8473447E-02
 0.1045949E-01
 0.8206291E-02
 0.1069595E-01
 0.5598736E-02
 0.8249280E-02
 0.7750800E-02
 0.8491543E-02
 0.7595136E-02
 0.7713225E-02
 0.8221162E-02
 0.8368436E-02
 0.6507236E-02
 0.6153208E-02
 0.8165875E-02
 0.7651027E-02
 0.7869799E-02
 0.8348607E-02
 0.6942148E-02
 0.7111944E-02
 0.7113409E-02
 0.7068749E-02
 0.7983009E-02
 0.6275774E-02
 0.5863688E-02
 0.8842781E-02
 0.6389102E-02
 0.6238826E-02
 0.1200157E-01
  1.000000    
  1.000000    
 0.2294673E-01
 0.7463494E-02
 0.8995422E-02
 0.8080704E-02
 0.7593899E-02
 0.7748231E-02
 0.8359197E-02
 0.6872543E-02
 0.8603207E-02
 0.6786303E-02
 0.7787593E-02
 0.7498748E-02
 0.6657728E-02
 0.5330857E-02
 0.6237670E-02
 0.6785475E-02
 0.7400948E-02
 0.5404884E-02
 0.6987844E-02
 0.8840515E-02
 0.7457168E-02
 0.7370638E-02
 0.5903032E-02
 0.6701448E-02
 0.7198985E-02
 0.6425061E-02
 0.5512702E-02
 0.5156903E-02
 0.7269619E-02
 0.9481239E-02
  1.000000    
  1.000000    
 0.1818365E-01
 0.8827208E-02
 0.8540616E-02
 0.1100318E-01
 0.8082169E-02
 0.7418933E-02
 0.7492486E-02
 0.7835989E-02
 0.7191188E-02
 0.6718281E-02
 0.6497755E-02
 0.8623417E-02
 0.6813686E-02
 0.7398325E-02
 0.5865681E-02
 0.8085206E-02
 0.9204230E-02
 0.5968048E-02
 0.7403205E-02
 0.8141756E-02
 0.5502269E-02
 0.5266166E-02
 0.8167011E-02
 0.6197737E-02
 0.5827183E-02
 0.5138426E-02
 0.5998041E-02
 0.5865528E-02
 0.8041148E-02
 0.1746645E-01
  1.000000    
  1.000000    
 0.1936079E-01
 0.8001949E-02
 0.7126039E-02
 0.8432330E-02
 0.7217787E-02
 0.7894618E-02
 0.7703856E-02
 0.7275738E-02
 0.9057272E-02
 0.6931427E-02
 0.9281432E-02
 0.7811361E-02
 0.8938910E-02
 0.6560417E-02
 0.6706449E-02
 0.6980042E-02
 0.7434141E-02
 0.7290219E-02
 0.9067695E-02
 0.6790841E-02
 0.7837056E-02
 0.8979195E-02
 0.5430971E-02
 0.4646884E-02
 0.6352644E-02
 0.5537284E-02
 0.6128912E-02
 0.7389462E-02
 0.6532406E-02
 0.4319018E-01
  1.000000    
  1.000000    
 0.2168223E-01
 0.7171365E-02
 0.7305772E-02
 0.8429955E-02
 0.7870794E-02
 0.6418488E-02
 0.7421804E-02
 0.7805994E-02
 0.7684626E-02
 0.7364457E-02
 0.8808489E-02
 0.7231149E-02
 0.8962571E-02
 0.6322905E-02
 0.6352413E-02
 0.8936815E-02
 0.7102622E-02
 0.7465022E-02
 0.6906753E-02
 0.7370883E-02
 0.7729015E-02
 0.4286687E-02
 0.9191921E-02
 0.5588502E-02
 0.4348880E-02
 0.4952315E-02
 0.9417813E-02
 0.6552425E-02
 0.4239641E-02
 0.1931863E-01
  1.000000    
  1.000000    
 0.2972447E-01
 0.8781506E-02
 0.7174871E-02
 0.8778060E-02
 0.8195350E-02
 0.6355449E-02
 0.8870760E-02
 0.6943930E-02
 0.8208088E-02
 0.7833177E-02
 0.7297992E-02
 0.6783823E-02
 0.6847906E-02
 0.7989414E-02
 0.6839943E-02
 0.6990417E-02
 0.7178511E-02
 0.6122073E-02
 0.7073933E-02
 0.7350027E-02
 0.6155525E-02
 0.7714761E-02
 0.7446600E-02
 0.5474010E-02
 0.5513383E-02
 0.6408805E-02
 0.4365578E-02
 0.3001509E-02
 0.6175821E-02
 0.1513329E-01
  1.000000    
  1.000000    
 0.1631301E-01
 0.6675116E-02
 0.8521417E-02
 0.8240274E-02
 0.7788953E-02
 0.6768316E-02
 0.6726078E-02
 0.6532033E-02
 0.7812863E-02
 0.5667188E-02
 0.9331424E-02
 0.8230430E-02
 0.7916627E-02
 0.8183419E-02
 0.5328316E-02
 0.8838416E-02
 0.8715241E-02
 0.7517094E-02
 0.7224437E-02
 0.8635749E-02
 0.8863101E-02
 0.7366287E-02
 0.6052366E-02
 0.7915351E-02
 0.6502742E-02
 0.5913798E-02
 0.4996675E-02
 0.4858052E-02
 0.3411307E-02
 0.1815151E-01
  1.000000    
  1.000000    
 0.1438575E-01
 0.7571818E-02
 0.7962941E-02
 0.8489305E-02
 0.7140826E-02
 0.6829437E-02
 0.7240167E-02
 0.7857376E-02
 0.8049051E-02
 0.6455124E-02
 0.6580877E-02
 0.6022934E-02
 0.7313443E-02
 0.5268124E-02
 0.7976304E-02
 0.7163750E-02
 0.6895897E-02
 0.8508175E-02
 0.6721994E-02
 0.7386016E-02
 0.9094240E-02
 0.1277990E-01
 0.9118765E-02
 0.7212712E-02
 0.6641014E-02
 0.1151927E-01
 0.6043684E-02
 0.6796503E-02
 0.4994208E-02
 0.3008010E-02
  1.000000    
  1.000000    
 0.3439595E-01
 0.6717647E-02
 0.7547671E-02
 0.6184524E-02
 0.1197569E-01
 0.5641283E-02
 0.7416804E-02
 0.5504709E-02
 0.8010198E-02
 0.6185518E-02
 0.7994923E-02
 0.7181123E-02
 0.6030479E-02
 0.6842635E-02
 0.6983467E-02
 0.6504431E-02
 0.6773257E-02
 0.7197734E-02
 0.6111605E-02
 0.6039035E-02
 0.7243182E-02
 0.7589111E-02
 0.1020940E-01
 0.6733333E-02
 0.7108991E-02
 0.6833042E-02
 0.4862801E-02
 0.7123094E-02
 0.8022120E-02
 0.4524558E-01
  1.000000    
  1.000000    
 0.1157847E-01
 0.7306108E-02
 0.9182584E-02
 0.6276509E-02
 0.5096012E-02
 0.7573881E-02
 0.6551331E-02
 0.6776152E-02
 0.7504382E-02
 0.5965753E-02
 0.6999099E-02
 0.9301976E-02
 0.6529528E-02
 0.6026854E-02
 0.7571123E-02
 0.7078952E-02
 0.7050750E-02
 0.7946340E-02
 0.6795529E-02
 0.7464762E-02
 0.8183110E-02
 0.4672373E-02
 0.6748333E-02
 0.6796376E-02
 0.9360359E-02
 0.6361321E-02
 0.4644075E-02
 0.5195943E-02
 0.3088173E-02
 0.1771751E-01
  1.000000    
  1.000000    
 0.1898957E-01
 0.5157578E-02
 0.9205654E-02
 0.7352753E-02
 0.8544274E-02
 0.6655175E-02
 0.4499475E-02
 0.7825466E-02
 0.7454311E-02
 0.6565585E-02
 0.7574290E-02
 0.7152815E-02
 0.6870469E-02
 0.6263038E-02
 0.5365048E-02
 0.1164531E-01
 0.7250652E-02
 0.5641607E-02
 0.5519755E-02
 0.5990393E-02
 0.5708557E-02
 0.5615843E-02
 0.5357920E-02
 0.6138592E-02
 0.5345196E-02
 0.5051651E-02
 0.1168003E-01
 0.4906404E-02
 0.9233674E-02
 0.1343176    
  1.000000    
  1.000000    
 0.3176102E-01
 0.7085185E-02
 0.7200023E-02
 0.7477059E-02
 0.1032418E-01
 0.5424995E-02
 0.6448962E-02
 0.7712489E-02
 0.6026548E-02
 0.6293067E-02
 0.6113474E-02
 0.7263526E-02
 0.7197877E-02
 0.5162706E-02
 0.5758691E-02
 0.6162719E-02
 0.5274762E-02
 0.6644857E-02
 0.6613249E-02
 0.1069370E-01
 0.6377838E-02
 0.5301340E-02
 0.5752799E-02
 0.4734204E-02
 0.7704834E-02
 0.1110449E-01
 0.1285487E-01
 0.9872603E-02
 0.7019699E-01
 0.2014874E-01
  1.000000    
  1.000000    
 0.9851133E-01
 0.3923143E-02
 0.9487103E-02
 0.5999911E-02
 0.9871891E-02
 0.4903856E-02
 0.4970233E-02
 0.7245375E-02
 0.7243214E-02
 0.6618503E-02
 0.6606413E-02
 0.6538481E-02
 0.5504282E-02
 0.5613110E-02
 0.5195291E-02
 0.4507191E-02
 0.8470929E-02
 0.6036787E-02
 0.7699104E-02
 0.7715578E-02
 0.6121636E-02
 0.4923556E-02
 0.5139044E-02
 0.4460902E-02
 0.5093384E-02
 0.2343030E-01
 0.1687015E-01
 0.3498400E-01
 0.1763713E-01
 0.1994191    
  1.000000    
  1.000000    
 0.4045043E-01
 0.6860422E-02
 0.4743606E-02
 0.6110852E-02
 0.8389503E-02
 0.6109177E-02
 0.6237120E-02
 0.5897169E-02
 0.6527764E-02
 0.5883947E-02
 0.6401262E-02
 0.5076891E-02
 0.6635777E-02
 0.5426028E-02
 0.6194417E-02
 0.7071734E-02
 0.6511131E-02
 0.5701283E-02
 0.6352394E-02
 0.5902843E-02
 0.8945992E-02
 0.4168739E-02
 0.5588143E-02
 0.5333719E-02
 0.1062834E-01
 0.9560551E-02
 0.3085776E-02
 0.3358334E-01
 0.1732226E-01
 0.1284109    
  1.000000    
  1.000000    
 0.3694984E-02
 0.4112930E-02
 0.4976713E-02
 0.9651682E-02
 0.5288247E-02
 0.3661360E-02
 0.5942098E-02
 0.5114531E-02
 0.7744792E-02
 0.5346866E-02
 0.7827691E-02
 0.6188324E-02
 0.6077541E-02
 0.5643129E-02
 0.4270389E-02
 0.1390657E-01
 0.5965832E-02
 0.5278247E-02
 0.7015756E-02
 0.6547900E-02
 0.4565657E-02
 0.4123761E-02
 0.9607462E-02
 0.5403768E-02
 0.6998729E-01
 0.1464248E-01
 0.9798887E-02
 0.5671093E-02
 0.6162181E-02
 0.7812843E-01
  1.000000    
  1.000000    
 0.3499016E-01
 0.6069322E-02
 0.7651705E-02
 0.5663699E-02
 0.6111035E-02
 0.6445310E-02
 0.6967168E-02
 0.6278650E-02
 0.7078246E-02
 0.5885923E-02
 0.5925179E-02
 0.7258067E-02
 0.4222645E-02
 0.5959029E-02
 0.5177849E-02
 0.4949122E-02
 0.7809218E-02
 0.7257556E-02
 0.6462627E-02
 0.5705125E-02
 0.6117684E-02
 0.5753634E-02
 0.7596877E-02
 0.1104158E-01
 0.5892516E-02
 0.5078939E-02
 0.1890393E-01
 0.1826829E-01
 0.8363855E-02
 0.5214034    
  1.000000    
  1.000000    
 0.3247401E-02
 0.5962820E-02
 0.5138275E-02
 0.4714812E-02
 0.5078448E-02
 0.6553806E-02
 0.5923929E-02
 0.5745676E-02
 0.5831178E-02
 0.5760598E-02
 0.4893629E-02
 0.6065818E-02
 0.7151657E-02
 0.4803154E-02
 0.7785494E-02
 0.4226497E-02
 0.6241676E-02
 0.5593164E-02
 0.7179165E-02
 0.8161417E-02
 0.5080295E-02
 0.5261900E-02
 0.5874125E-02
 0.1134206E-01
 0.1397580E-01
 0.2749897E-01
 0.7219603E-02
 0.7742598E-02
 0.1504637    
 0.2803621    
  1.000000    
  1.000000    
 0.3127608E-02
 0.9082831E-02
 0.6194980E-02
 0.6599513E-02
 0.5736336E-02
 0.6664408E-02
 0.7066602E-02
 0.5913642E-02
 0.6018493E-02
 0.5183366E-02
 0.5034749E-02
 0.5682079E-02
 0.4841219E-02
 0.4974148E-02
 0.3225662E-02
 0.7196786E-02
 0.6342125E-02
 0.5836010E-02
 0.6631146E-02
 0.5633063E-02
 0.7273916E-02
 0.6385991E-02
 0.5400225E-02
 0.5500514E-02
 0.5229386E-02
 0.9489110E-02
 0.1691157E-01
 0.4720557E-02
 0.6789302E-02
 0.8551840E-01
  1.000000    
  1.000000    
 0.5713146E-02
 0.1136888E-01
  1.000000    
 0.5788838E-02
 0.2756421E-01
 0.5656069E-02
 0.5863673E-02
 0.7488840E-02
 0.3606437E-02
 0.5742138E-02
 0.6319473E-02
 0.7856264E-02
 0.5831643E-02
 0.7622070E-02
 0.4920242E-02
 0.7565611E-02
 0.6130034E-02
 0.5047696E-02
 0.5953640E-02
 0.6781710E-02
 0.6793069E-02
 0.3992511E-02
 0.7331815E-02
 0.6181024E-02
 0.5823551E-02
 0.3252813E-02
 0.1462685E-01
 0.1540787E-01
 0.8371354E-02
 0.1619706E-01
  1.000000    
  1.000000    
 0.9764656E-01
 0.8324635E-02
 0.2148259E-01
 0.4468026E-02
 0.7624824E-02
 0.4948543E-02
 0.4917963E-02
 0.6859136E-02
 0.6971333E-02
 0.6528882E-02
 0.4697152E-02
 0.5822383E-02
 0.4744595E-02
 0.3795533E-02
 0.1320955E-01
 0.4293777E-02
 0.8587168E-02
 0.6270752E-02
 0.7195884E-02
 0.6023702E-02
 0.7244030E-02
 0.1290824E-01
 0.1486567E-01
 0.4442647E-02
 0.4934717E-02
 0.6265540E-02
 0.1120071E-01
 0.2219971E-01
 0.4375960E-01
 0.1666194    
  1.000000    
  1.000000    
 0.7519277E-01
 0.1070879E-01
 0.5760626E-02
 0.5467418E-02
 0.3765907E-02
 0.5200890E-02
 0.5432828E-02
 0.5665286E-02
 0.7408525E-02
 0.6515088E-02
 0.5236399E-02
 0.5896078E-02
 0.7444822E-02
 0.4367639E-02
 0.3566867E-02
 0.3086156E-02
 0.4742073E-02
 0.3939393E-02
 0.3566123E-02
 0.3755619E-02
 0.1468347E-01
 0.5595062E-02
 0.3002405E-02
 0.1403294E-01
 0.8329423E-02
 0.5165250E-02
 0.3020174E-02
 0.5154309E-02
 0.3818830E-01
 0.1858384E-01
  1.000000    
  1.000000    
  1.000000    
 0.4012273    
 0.2857657E-01
 0.2772140E-01
 0.6388717E-02
 0.3183409E-01
 0.2158562E-01
 0.1736293E-01
 0.2920631E-01
 0.3594006E-01
 0.1234631E-01
 0.3128219E-01
 0.2197215E-01
 0.6595020E-02
 0.1054527E-01
 0.1033200E-01
 0.2209875E-01
 0.3016048E-02
 0.7217174E-01
 0.3872152E-01
 0.1526494E-01
 0.2255167E-01
 0.1409462E-01
 0.4749569    
 0.5631236E-02
 0.9621952E-02
 0.4519766E-02
 0.8223193E-02
 0.6705780E-01
  1.000000    
  1.000000    
  1.000000    
